35878
35893
35656
35608
35890
35778
35869
35865
35617
820018
463728
464789
464641
92168
92106
92224
91910
91985
90886
91884
869868
868733
869749
869248
869689
868229
869175
868701
868599
869842
78487
78524
78483
78518
78569
78528
453306
451671
452865
451432
451184
453220
453265
450923
340540
339537
340287
340538
340762
340570
340736
340151
182868
181290
183320
181255
182261
182903
183008
183149
183221
182766
182950
623144
623340
12000
745447
745976
746064
762621
761281
760879
761732
741361
741161
155056
156327
154989
156268
155641
154894
155954
156356
154952
156558
155960
156451
155130
155993
155827
154630
154709
156580
155995
156074
155931
156018
156457
154725
156582
155549
156418
154865
156403
155430
155592
156416
155640
155456
155467
156131
156125
155505
315028
315054
314597
314915
314558
315031
314430
314715
314954
133926
133300
136742
132782
132909
132744
134714
136435
134065
136868
133673
133124
136871
136506
134993
132225
136350
136629
133767
135497
136180
136703
277764
274764
280684
276549
275374
274786
275612
280645
280588
281404
281742
277123
281923
277932
276525
274614
278825
278666
278916
275759
281915
280338
280022
281021
280112
276894
276082
274564
277052
274777
280714
274963
275826
276096
281595
281846
275317
278381
274776
274727
281057
451826
451151
447654
448129
451792
451373
447977
451159
450289
447754
447749
451808
450781
634185
633082
635677
632978
634861
635453
636189
634544
634349
636122
756409
755496
756647
754340
755009
754338
754675
756348
756256
847984
848786
848561
848800
935354
943710
944327
237202
495710
494862
150821
150435
150559
150565
150452
942069
373599
373465
373135
117941
116496
60201
60539
369077
367036
368393
650713
649217
10146
10322
10269
10119
10118
448358
449702
449688
449089
449692
449044
450204
450627
448202
449577
450646
448491
450768
447441
450747
450118
24957
865498
864741
2041
120750
121529
121909
122058
120599
121769
121861
120870
120504
122114
121145
121338
425519
426497
426791
425921
426154
287063
289107
288201
287472
288776
287088
288693
287870
288009
288908
288559
288407
287055
738511
738669
657077
915362
10024
9982
10012
10066
9934
9901
9834
9935
666500
666446
666050
666439
666169
665802
134650
134684
134392
133839
134408
134721
133775
133480
349909
350962
350078
349804
348851
348485
348447
348334
350411
417014
416401
416996
416686
581461
582410
580936
747559
746907
747896
747947
947738
892011
893125
615230
46561
46489
45667
46312
46662
157308
157011
158790
158930
158590
158867
156645
157272
158486
158201
156810
158898
158440
158933
840034
840076
839881
840088
227335
228110
228261
228271
860819
644295
645698
137088
137621
136415
137749
136730
13852
146449
147464
146233
147338
914313
127332
127541
127841
127957
292530
291539
291538
292872
440488
440138
440012
439724
439173
440142
763177
763441
231613
234317
234195
233374
232517
234362
231923
233260
234579
234192
231983
502085
502590
501217
502337
501975
847686
847321
724460
278422
275902
277782
276125
277038
278173
278527
277771
946846
946810
252087
251142
252451
250559
251793
250770
251704
252226
252142
119013
119575
118341
956755
881816
379860
258187
257063
258083
5070
5196
5278
5218
5258
131760
131629
132780
131712
132363
132345
132451
132233
132374
132863
132762
132282
132871
131927
131764
132755
319485
319314
319616
319695
319601
318593
319368
319776
319907
319711
319992
318095
318721
318909
319951
318177
318557
319915
319664
319388
319731
319277
319115
319622
318749
318306
319157
319808
319560
319700
319728
319562
317607
319064
319949
531754
532921
532487
528387
532093
527867
530216
532618
531181
532996
784163
784295
782865
784446
841742
842773
842198
842719
841601
842502
841739
842806
842014
842814
842740
842144
842482
267846
268169
267680
267337
17951
584502
703069
703542
703529
703700
241922
242038
241828
241975
241782
242144
242088
242141
242099
241668
240323
241800
241932
242131
241780
241750
242068
242114
242200
242077
242075
241725
241943
486190
486458
484883
485595
486227
160384
160367
159388
160569
158677
159902
160617
76782
77015
76968
77056
446114
444519
446536
665482
666695
666123
833875
492363
494550
493699
68290
260079
259696
260177
260170
260115
4828
4852
4984
4835
637092
634081
637108
636083
635320
636386
637100
864783
864703
864910
864757
865172
864742
864939
864863
865176
313653
316327
316895
316329
316885
314504
316892
316904
313588
315901
315225
316283
315035
316395
316813
315679
316880
314371
316366
315797
315141
315264
316674
316063
316585
316393
567915
566310
565641
567269
567756
567007
567937
858797
859612
56495
56683
56493
56602
92313
91788
92203
92585
92497
91240
92700
92163
83714
83185
83339
84033
83724
926634
889868
200118
200482
199332
200240
200095
198333
200189
200076
480952
482579
482827
480712
482703
811976
811929
2753
275895
275890
129051
129172
129220
129016
129196
129227
129229
585440
630276
939712
240116
263652
263719
263738
263750
263155
261390
17493
17241
16852
16795
723297
369377
651089
651668
650819
228017
227989
230290
229774
229691
228713
230294
228513
229044
228731
230214
229608
227475
230270
228939
230116
229051
229574
228849
228857
229915
228502
230220
230350
228943
229623
230374
229252
229105
228953
229265
229673
227656
230158
229944
230113
228884
229937
228258
230343
228762
230098
229748
228810
230092
228408
230269
227206
485561
483628
485687
485344
485733
485312
485550
485645
485064
483609
485640
485782
485783
485816
484719
485723
483278
485167
484176
485726
485127
485685
485629
485036
485642
484848
86243
85284
86130
85835
86280
85938
85698
85970
86121
86265
85498
86107
321504
321930
319495
320967
321849
321821
321923
321858
321937
320647
321359
321922
321944
321936
321875
321780
320835
322000
321376
320462
320822
321335
321991
321369
321910
321987
321999
321820
321907
321147
321573
726442
725832
726942
726628
726486
726068
726515
725517
725900
725127
725469
726431
726984
726941
300539
300626
301639
301232
299401
301537
301196
300901
301731
301217
301644
299392
299539
300315
301450
299832
299751
299513
301566
300452
301551
301788
301207
111542
111972
112252
112268
112412
111490
112262
112443
111453
111690
112236
112371
111650
112158
112369
111846
112381
112514
112322
112350
111659
240386
240304
239139
326410
325443
108069
107950
61476
61787
61563
61798
61223
62129
61812
232481
232677
232662
184905
186579
185786
29570
29599
491449
492631
492683
838048
838465
665061
26132
26301
26258
25816
26247
26124
25596
294362
957222
781767
781696
781535
689079
483865
509430
663910
220732
222124
221244
221913
855843
856101
680460
190260
189030
188616
190248
187967
190304
434779
435091
435233
810163
809622
52577
50836
53009
52964
52416
53078
53003
52201
52607
52555
52137
52226
52165
53013
51972
183915
183756
183328
182356
183506
182307
183904
182549
182686
182267
182329
182296
182966
183623
184184
81931
822796
111587
111691
111727
111333
111765
110972
111686
111851
111789
111847
111388
111801
111835
111754
111254
129260
128878
307903
310572
310596
587507
248449
246513
248289
248026
249268
248497
248560
248042
249263
247641
247189
246485
848149
847867
848164
790557
63723
33107
33204
32780
349309
349428
348099
348303
12941
13023
12911
12956
12917
12881
231773
233302
232868
233029
232996
232833
431438
431448
432332
551405
549855
436785
601923
223388
224000
223992
223242
223857
223474
223711
664735
664657
665047
717588
714884
710578
711700
874599
874980
524530
717009
716498
889268
889314
889373
93529
93576
331172
330726
330582
330530
828369
880526
879356
879990
880424
880523
880214
511358
511262
40509
552681
551436
552871
508136
508052
507909
409556
407033
407330
708920
709818
22429
22755
298309
298187
297506
298810
297648
298064
297225
298769
298632
297883
296447
298861
296917
611512
611565
611368
611585
611770
799328
642085
641423
640277
640377
305114
306534
304513
306489
306488
306311
15330
15619
341766
343210
343176
342887
762589
762047
762551
795674
838993
455493
457378
455392
457575
457494
334591
334308
333473
334492
334007
334545
333586
657780
658171
659690
659677
259734
260543
670596
671903
672032
671753
707260
93330
93983
93855
675470
676128
675848
675720
675770
675401
456183
42013
86150
85678
86528
86670
86583
85717
86700
85389
164015
163466
165098
165040
560409
139255
139325
137359
137596
138260
138986
137362
138046
138084
138763
139257
139209
407850
407548
408405
407571
407264
408015
408388
407536
408556
404994
408453
407394
922197
338197
100858
101395
101267
100884
100869
911352
911039
201438
200312
202498
202316
202044
201036
201515
202374
202328
202491
201805
202440
201923
202469
202108
201983
200213
202284
202478
202289
200267
200825
202056
201459
202444
202064
202334
202220
200291
202488
202307
200311
201717
201668
202073
202481
202304
202151
202439
202462
201982
202460
202075
202256
202412
201984
201142
200915
201388
202489
202121
202347
200333
202331
202210
201965
201690
202430
201535
201320
202428
202503
201947
202446
200253
202291
202348
202169
202379
202385
202413
200763
202249
202179
202504
201854
202298
200826
202306
887237
887615
886695
887720
887534
886955
887737
887744
886448
886783
887554
887137
887686
886867
886789
887476
886294
886800
887611
887641
887106
886520
886468
887703
886691
887533
887559
887746
887393
284190
284822
282766
284695
192445
298844
298827
297135
298684
875099
18364
598420
598108
776482
742829
742652
742653
96515
96422
96537
96246
96430
96523
96197
95812
96211
96333
96504
682522
682708
682234
682725
682422
682926
682248
682971
680979
682537
682888
443815
658623
658807
950461
744722
745852
746214
745874
913574
30551
30152
30530
577537
577698
577052
577738
577575
577588
577085
944342
62002
379859
825540
825761
359316
357974
359048
358775
445078
446096
898080
491172
174464
174508
174649
174865
174527
174963
175022
174950
175003
174605
174884
174422
39898
941868
832540
306600
306265
306795
306863
306821
305350
306910
306870
305356
805327
805386
612528
610687
610711
437800
9841
9902
10076
9861
101508
101860
100792
101644
101443
101457
101603
101825
101454
101855
101794
100600
347613
345946
347166
345858
347087
346923
345707
347160
636531
636727
636415
857364
856920
856883
37456
37458
89487
89750
90567
90353
9510
3424
9491
9459
461822
452960
461939
462161
462242
463906
476201
477259
471504
479954
484716
490652
482912
488329
491123
490999
483689
498330
505644
505169
504352
496040
493603
498533
524441
508201
510363
523317
525019
524972
524379
524709
509359
522277
510768
542783
536463
546121
542266
528711
545937
538969
542758
556209
563925
558844
554642
558839
556618
561225
577035
576406
579482
573148
579832
576942
593929
591157
593936
593715
593637
593765
584617
592306
589123
607277
607316
607184
598654
604938
618426
618384
627995
627237
627904
625768
627844
624412
626924
640895
640592
632821
628674
631523
642826
642450
652910
653006
664375
661751
663651
675003
674961
667102
673360
668492
671789
666040
674792
681729
681420
692926
692366
692875
693681
693793
692264
705386
703417
704831
703655
698787
699190
712664
713976
711934
715801
711921
713390
716691
716395
726797
726541
724797
725833
727162
727094
735065
735149
728511
731639
734342
733025
732260
740276
741515
742675
743670
739517
740648
743240
751535
751750
751371
751991
751612
761671
757842
756829
764290
768755
778043
777967
773956
777455
777468
777977
785393
786692
786652
793901
791488
795029
795613
792852
795507
792476
803157
802432
807545
810944
810797
810845
810865
818508
818481
817467
817864
816016
817546
817152
824365
823890
828413
830449
826836
828111
830767
830657
836860
836855
836918
835966
843101
843280
843309
841567
840458
839137
843352
843281
849953
851125
845424
851891
857547
856979
857237
863755
864358
863922
863577
863921
863636
875816
875885
875296
875515
887083
886702
887260
887452
894768
891978
900491
900888
903450
905062
911467
911765
908401
912132
917034
922345
922251
922035
926858
926574
927120
931794
932247
932683
936030
937973
938459
944009
943934
943715
943908
947294
947197
949059
948972
954383
264124
255732
263629
263623
262614
264176
261418
256370
262777
264109
263079
256649
264151
261572
259842
264108
261684
264120
167424
163900
166096
161724
167944
168239
166764
167130
166945
161639
167249
159559
164222
161071
282986
285997
285796
289358
288593
288000
284156
287867
287421
284362
284008
278331
280291
328342
328125
327820
328410
328040
384471
377998
388702
387566
387174
389021
378660
387402
387401
389023
388633
389012
388847
374261
382385
380844
397616
404003
401578
403878
403244
402433
403008
398508
403101
394926
420475
408408
419526
419949
414755
417656
408892
433504
433204
433563
433410
433477
431550
430634
431546
432570
433117
433306
433558
442688
445356
445331
440493
439904
443683
445041
445182
443880
444999
444979
438291
445010
444628
441800
445392
569491
570366
569550
570623
569561
794002
794374
794916
795637
795367
795602
795820
796048
795801
14831
14243
14780
14870
14832
14837
14597
804657
236504
236827
235243
236147
237195
237324
236477
235831
237068
374590
377237
375779
375532
374421
375098
603050
913767
914303
871071
479387
789907
790029
1809
673317
673542
673552
673534
58306
48844
48953
48828
48911
48884
48839
48888
48853
48902
48922
48947
48946
48827
48846
48908
48840
48826
48930
20163
20608
757645
758335
354654
353933
353483
351605
365401
367033
365709
366997
365526
461849
464116
464820
465103
465095
43992
44428
44457
44305
44333
44432
43795
15036
343644
343628
342580
343648
343187
344273
343494
343502
236049
236174
235324
234294
235811
235350
236350
236243
236349
235432
236058
235891
236184
761901
594451
593813
593717
593599
594801
594736
593139
792340
76793
77399
77692
77550
77497
77646
77563
77501
77258
77547
77694
76987
76397
77234
77128
76291
77407
496794
498823
499135
499106
498724
592438
593264
938100
44672
44721
44837
606971
607327
607187
607460
830789
309699
306961
309871
309449
308368
309711
309601
307462
309888
309675
309570
309674
307042
309214
309639
308336
308377
308748
309776
309742
308948
308730
309647
309872
308402
308164
741842
470955
469959
841231
426196
426542
426193
426439
427427
426735
426995
853888
854123
854163
854072
854016
674008
295525
295583
295873
295822
295773
295874
295470
295780
295545
295781
739413
337501
337453
337490
621275
621413
120311
120954
121319
130836
130568
770405
771161
770967
770187
772388
772590
772754
770587
770559
772748
772384
772608
771920
770898
770786
879286
878765
879883
826211
225407
226936
226826
227092
227094
225978
225443
405320
403735
405155
405406
406046
686550
686462
802577
802658
802655
910239
910121
267881
268152
268258
268080
268113
928767
331520
332342
917603
22995
22986
22253
22954
23007
22365
22946
22717
22982
22857
99058
99612
98701
98863
99636
98997
99911
99121
99611
99397
99071
99135
98866
99725
99614
98803
99671
98855
99562
99798
99370
99197
99875
99506
99472
99333
773014
773736
773774
773767
701113
814126
10954
10949
124618
123913
124122
124679
845554
845981
846142
623114
474429
7563
215208
214299
215034
214534
213689
215195
248269
248035
247266
247330
483907
483037
483859
802758
802837
720045
118068
117809
204797
204845
204515
204756
204734
203388
203508
203808
204789
204739
203630
203889
204861
346247
346835
347173
44967
32570
32870
32916
32615
925815
730558
161139
160469
161320
160773
159241
160112
160454
160756
159956
161303
160732
161214
31123
30193
31213
30597
31114
31088
31155
30469
856184
819906
818945
940970
940854
906399
660284
661565
662037
661813
661866
661187
660060
662120
660995
660287
827599
827480
793849
793900
793635
792851
793661
40248
808572
170341
318730
318466
318990
318586
317304
916400
916427
84527
86778
87079
83675
83179
83350
85088
85713
83375
86410
86970
83346
87108
926563
926594
926609
14901
14835
265397
418922
486933
775890
775905
775787
173230
172423
173397
173413
704103
702463
703951
196422
196385
195096
195013
397440
396133
396553
648111
648493
933210
933176
932258
653567
335425
335286
334518
59542
58909
59562
59203
59358
59531
59360
59673
59209
37959
37877
38090
37492
37804
38035
37295
38166
37525
38164
38074
38175
38168
38135
37978
38155
38178
37434
37975
37754
37965
37545
810232
435153
434227
435226
435212
434191
434866
435300
434949
433909
754004
755031
755198
755070
754250
754772
923809
924165
923879
141526
141486
141216
141321
693240
787459
42438
180510
180848
180897
180586
180299
412749
781789
781211
782436
151862
151324
150125
151681
150717
151843
150678
151649
150128
150597
248887
249416
249406
249451
248964
249427
247666
432084
431538
431402
432086
769500
769319
769601
951282
155574
155230
155611
364831
365402
363211
364930
365736
365468
365767
363903
23454
23713
23806
23834
305750
305491
304387
217240
218665
217950
218856
211758
211870
422713
622654
623790
891140
12543
472691
472446
472091
470453
471919
470310
471262
471374
472008
471311
470307
470864
472000
840595
841252
841271
841279
307943
309794
309584
308244
309870
309645
474762
474119
476600
473907
476033
476048
475271
825976
825831
124371
124506
124054
753823
124025
125118
125009
905753
905268
905761
51742
119810
118445
120274
118237
837145
24420
24255
24392
24432
24504
65605
65595
382646
682386
682854
682863
682846
67722
67779
65705
67498
67744
65577
67575
661229
661245
684643
684570
303043
303715
103105
108122
453618
454065
453854
454310
711109
711441
711512
913059
913057
913136
913033
913037
913024
919418
95653
95626
94832
791532
791827
170409
171354
169000
170088
170604
170491
170838
455906
458783
103736
104435
904656
822603
822542
648090
648066
49417
931971
34866
34845
172752
172612
172567
172764
172838
172688
172485
173032
173041
172771
172588
172864
172935
170488
173057
172849
171248
173025
172805
172514
171230
171910
172909
172857
171944
172200
172789
411732
706917
706766
707455
706865
274097
273997
275025
273020
274988
275076
273544
275066
274846
274822
274880
274923
274183
274676
274976
273242
275005
274692
274906
274236
273909
274829
273798
274591
274937
273952
274417
274440
275126
274986
274290
275077
273676
274387
273735
275024
274796
273176
274882
274966
274268
274299
9322
9389
66996
67027
353098
351382
352983
353542
923658
292727
292628
290135
291667
292338
292854
292536
453480
453577
453560
799905
52549
52537
581068
789256
31834
31804
134665
133711
135283
680051
679694
660004
660365
661388
660756
661261
19708
19264
19358
19501
19177
19584
19763
19059
19739
78255
78956
79069
61379
116193
117144
116457
116944
117118
116980
898078
55744
866304
866271
553541
556543
554904
556875
556383
556901
555182
556216
556894
556420
556761
553278
555650
557049
555661
557026
553192
555021
556230
556399
556818
555613
554784
557004
556947
185762
185094
185054
185924
185179
185383
186020
186048
326503
667574
670051
669821
668577
911423
911854
33597
34022
33218
33955
539989
539148
539227
538222
97383
98088
802020
801788
954831
954940
953929
85168
85301
84933
10397
10411
10403
10387
53664
53190
53824
54029
53878
53045
54077
53497
54020
53927
54080
53905
53194
131943
131754
132296
132283
132256
552775
550385
783956
113315
331489
331948
495339
861353
821528
821472
821566
36299
37173
37187
36938
37199
36536
36602
36498
36974
37053
36499
36589
37122
99413
98648
99414
99247
221040
220979
460450
823306
721309
626371
195533
196112
197237
957529
109482
116410
112326
110898
117191
116643
260013
259129
260590
261162
671710
672021
672115
287952
286789
288071
287448
287526
288036
286881
285257
287701
287178
284890
285650
287467
287967
287823
287862
919858
24761
24941
63799
63684
63929
63898
63453
63964
63767
63993
63569
63913
63866
63912
63785
63842
63762
63802
139185
138344
138442
138642
139497
139924
138793
639383
95331
95142
95093
95076
94929
95276
94783
843849
844687
363024
363900
366079
362668
365364
364605
365182
365952
366202
365749
365221
365119
365632
364655
51497
35996
35954
35896
36157
35862
35766
272919
273011
272121
273048
272648
585347
585235
76091
76089
75203
75704
74788
75676
76123
66378
65850
863491
922426
896227
885956
921393
921483
929179
929246
866991
175638
175013
175517
174797
174941
175056
175429
175283
174666
902911
716642
410613
413171
411319
144667
145009
144971
144063
56571
57033
56685
56921
56645
56849
55952
301336
301390
524692
727177
725853
726827
726884
727154
724650
644340
556985
64710
685477
685401
685472
684439
684815
684784
685191
685237
685438
108732
108981
109502
109388
150507
150582
150877
151041
150286
150838
151118
149878
150149
150270
150498
150896
150880
817775
388691
390366
390300
390217
389424
389275
389406
273257
648590
883986
886003
380688
656271
656229
656234
656249
656123
655577
656085
4670
1905
1818
167266
167211
166311
167671
167607
167177
167593
166909
167797
167215
167106
166933
166924
167809
167193
167539
167628
167821
167306
167596
167757
165430
167806
167417
167347
166160
167613
167548
166261
166240
167751
165989
167538
167802
167807
757094
757559
757520
757224
757639
242223
243017
242867
463659
463805
462873
12286
229099
231318
230785
231001
230635
229385
231280
229107
361546
361596
362501
359968
362535
360872
361586
362240
430275
624828
624620
852789
852716
852972
161537
162820
161031
163051
162960
162495
161205
162480
163080
161114
162835
162275
436948
437629
437680
438031
437356
435810
438062
436792
436981
437976
650523
649901
650659
650808
650790
649628
764527
763437
763165
763583
129663
128713
129714
129777
128540
129344
129723
129685
129580
129206
129368
129889
128979
128825
129799
129926
129299
129941
129906
129795
129026
129509
129640
129010
129960
129006
271223
270694
271362
829803
829958
325923
328298
906840
305024
851164
850501
850676
851009
850562
143743
143719
144042
143086
143731
142464
83380
83372
83596
728952
729324
728786
728928
727772
729202
313286
313259
312770
313292
312053
312839
309968
311331
313120
311524
312803
313191
313252
310449
311566
311381
312502
312456
313245
310919
312743
312602
311375
313215
311515
313355
312599
313267
313109
313268
310755
311590
696051
695757
696094
54454
54526
54383
54997
55115
600041
600520
601085
598802
600909
950740
950989
835592
609063
609952
64618
64481
64366
64354
63885
64610
64625
64166
64626
64517
64490
64491
64565
64516
64541
64158
64479
64459
64370
925835
925589
419987
419266
420414
417532
420205
421101
418900
420987
417662
420558
421083
750758
751448
750934
751466
750675
750491
750233
749888
750105
751429
751423
751503
751539
751308
751495
750329
750207
808263
807995
807868
808176
807462
808199
808258
807887
918471
910705
910411
630692
630503
629427
630409
629545
630811
630680
630702
629820
779671
921804
921439
765605
765183
764786
114503
115845
732779
732877
732124
731857
580659
241798
242311
241733
242690
242998
241637
242092
241856
242028
242551
243006
241008
242654
241762
242133
242890
240709
241994
242501
243028
242383
242707
20967
21207
21126
21219
21146
21196
448946
362058
361488
362515
362294
797486
47433
47285
72560
71954
71912
72195
71928
534706
534751
534127
534524
534107
533902
534327
535647
534427
529835
530613
532622
535014
535346
401047
402261
401870
402200
400502
711901
711881
768209
538081
948071
217898
215701
216705
216749
217820
217023
218038
217817
216329
215592
218034
216431
216838
601727
602496
600564
833576
401800
42437
42469
42447
279357
478658
479222
479566
476956
479096
480212
737620
6652
6640
6633
6618
245915
244657
244328
245772
245923
246210
244379
245948
246171
244451
423662
423354
645575
316766
521008
523796
523648
523780
519799
834613
835436
774345
774162
35696
35551
35807
35905
328444
329407
31892
31912
31650
722280
722101
721604
281719
282110
282555
280702
280530
281745
282945
142717
142646
55584
11219
167368
167919
167517
168594
168709
776733
563338
564622
563908
287714
286296
289197
289356
286053
288780
288488
289230
210631
210892
210902
210732
383088
28838
28892
29184
28942
28376
28317
162018
162031
232536
233047
231997
234644
233277
234283
234147
233773
232506
233930
234463
390064
389517
391718
389413
390444
391200
391560
389658
391576
391728
500725
501271
502375
502443
502692
501621
502441
816130
816108
816036
694250
694088
74499
74521
74282
74470
46335
46281
946907
722189
752930
267237
268724
268927
268898
267848
48442
48376
48527
48032
48466
113056
113864
114164
113985
113832
113593
114142
112899
114172
113418
114092
113389
113895
113233
113878
112614
114159
466815
465421
395399
465985
465929
42180
42035
42342
596263
596886
34361
34321
34369
34044
33615
33928
34359
34347
396105
619537
619448
619896
84869
84795
84474
83979
84299
84857
84485
84686
84279
84830
516541
514831
516506
516204
516583
516324
511746
514734
516689
515349
514652
516048
516387
516187
327
144969
146853
146855
145593
146647
146637
146450
336041
336404
25309
24885
25262
25247
25180
25275
25298
24733
25213
24747
24811
25179
25181
25028
422155
422209
619951
932832
148711
146945
148664
148441
674185
673627
673556
674410
674295
674179
673256
673405
674118
673073
71107
70483
71164
70494
71246
948290
43935
346263
345811
346360
346096
346296
346105
566835
566142
748912
859622
859098
59238
58302
59116
59042
59121
271045
271000
271222
270815
271298
270451
271291
271106
461618
458475
459551
458090
461570
459388
718254
720179
276089
276387
918869
224684
224177
224787
225000
222218
223583
224820
224659
222835
223027
224941
222787
224622
224806
854713
855589
252218
252449
251294
252344
251375
251275
252170
846249
280907
62424
62949
62862
62948
63069
62326
62580
62993
62865
62931
62428
62684
63023
760247
759382
759897
955885
69936
70945
178138
178130
176129
177466
176082
176117
387251
386228
387831
384903
387867
387729
588813
588356
512826
510964
510963
654559
654483
391604
391252
389157
390402
390935
391355
389211
390887
389458
388303
391233
390374
391135
391047
390689
49482
50299
281101
281541
280873
281888
257769
256762
258254
258039
257558
256397
338848
340784
338540
340235
339598
340747
339319
609470
608794
609319
635968
769968
769955
768673
104330
49033
48799
48919
48955
49038
48845
383446
382789
383230
384070
382957
383716
383886
383692
382973
383727
383243
590252
589911
589680
591247
591112
590451
678625
544158
542513
544197
542817
4407
4312
4341
4412
75490
323037
322546
323015
321956
321578
321076
323019
321997
322469
321584
322921
322043
4225
323200
322838
321926
323020
323047
321273
322523
322797
322823
320309
322999
321961
321464
605554
10362
10695
10466
10673
10606
10621
10401
10671
10651
10445
450854
23537
23372
23370
23379
23425
759324
26847
26936
27136
27093
578664
897518
897659
488145
489475
488049
489539
487849
37655
37808
37834
203068
202130
203052
203001
203041
202584
202717
203163
509411
509498
509499
878319
426966
427224
11459
11565
303110
302785
303502
303334
302944
302575
303241
302460
949256
811088
747499
747450
358684
358532
439139
439713
439860
439698
487705
488102
489523
488510
44909
44853
45353
45426
334667
704440
13120
157160
158104
157967
157528
158106
755393
780499
755517
927
106282
106009
106199
105546
106320
375597
374600
375836
375645
375755
375754
375572
375901
375787
375545
614165
862595
862291
744362
357057
356626
356653
357105
356666
356048
356545
357193
356570
356267
356580
356030
357083
356173
357128
356308
357206
357164
356522
357356
357315
357337
471385
470084
470609
562001
563101
561339
733885
806984
936105
69346
69458
69609
69761
626125
626100
626087
625759
625571
625805
381207
381143
378050
380912
380865
730564
730497
730508
730274
729891
338046
338143
337222
337977
338117
337278
338144
338052
338137
337014
338332
337844
689368
689305
701289
899767
899778
676364
745551
908907
7729
7824
354674
48202
48046
48117
48215
47437
48203
48247
48284
153966
152669
153185
153617
152470
956279
956589
16199
16480
16604
16710
16626
831494
460915
461303
461028
461497
786156
787483
787861
166801
52443
52623
52921
52429
52497
52804
52343
342548
343638
342831
343021
342476
957428
958285
939251
105300
104888
105393
878165
593500
28598
28738
27782
28225
28586
60756
60852
60768
59998
206549
206131
206086
206145
204568
314892
317313
317396
315834
317760
780329
297673
605452
728698
88209
88525
88258
88569
686922
13306
642474
643091
641392
642385
642968
642880
641314
643018
640521
642959
522207
31485
32302
32192
32305
251956
251928
251948
251614
251937
625298
26828
26739
26625
26816
26203
26799
360281
360263
361256
360819
360197
359648
361232
361331
361195
361304
300795
300574
300195
300462
300676
300828
300582
669240
34092
34271
34153
33454
34281
575193
573673
575130
575111
574323
574432
575527
573006
272592
271958
272538
272421
518990
518553
518257
809496
936929
430477
430252
851892
852678
852843
852816
853115
58056
140842
140815
79121
80395
80074
80165
79573
80155
829493
654486
653919
653422
653477
831107
15561
15930
15761
15876
15463
214515
215795
214180
213880
215970
215847
216008
482493
482461
629705
629825
627954
629523
123103
123018
122217
122903
122367
122820
909376
909486
909480
265037
266144
265015
265659
264734
265699
264539
265726
266083
264308
264874
265780
266179
35017
34811
34965
35189
208931
207111
208866
207648
209405
209648
106648
106758
106778
106787
106728
106887
106498
106894
106114
106945
105728
106760
106754
106967
106803
106827
106661
106831
106356
105825
105570
106502
106959
106433
106849
106094
106844
105699
106656
106198
106380
106968
1109
531184
534025
534920
533683
534780
533634
535624
2876
2906
251409
251274
249523
251268
251460
251147
751092
20018
19738
374433
377472
376105
375552
375596
374413
10145
10314
10301
10240
103051
103048
29921
30072
30102
29893
30076
174739
176574
175381
176572
175775
675521
908133
284708
285394
256898
257137
257373
256120
503786
501958
504927
563950
744050
824532
842036
27650
27361
27669
27522
902148
902302
343800
342699
343972
344474
342817
344457
78873
78783
78296
78828
1583
1566
1584
567467
730321
731143
935823
935911
935752
96362
96801
511232
50388
51156
50820
51186
51099
51096
920910
947304
946906
108316
108288
82492
82411
82388
82288
81952
81607
82283
82285
82391
82304
81659
81114
81916
82341
82417
82005
81085
82266
81145
82273
82390
82351
81479
865722
664670
50661
311790
667837
668688
669083
588415
588701
587266
17981
18230
18092
696483
544544
546206
546646
545459
545781
546392
546742
243529
243369
245000
243834
243392
245775
246427
244800
22084
599267
601019
953132
68385
68123
68370
68573
68317
67860
616027
384144
384072
12127
12092
12072
12186
12252
12221
133193
133440
132940
133166
132641
131660
133425
541337
72142
72139
528583
527968
525338
529313
242603
244188
244543
245016
455634
127999
128141
127895
419275
323364
324979
324641
324573
325071
325102
325100
11525
748966
69216
69618
571433
9630
207022
206906
208484
206824
207368
407490
407522
708103
90864
90160
90302
90164
728757
823902
823330
12467
12656
12713
12728
12571
312848
315647
312579
313980
313616
314788
315377
633756
126877
126623
125999
126539
126417
125869
126454
125438
126874
6086
237668
237094
239232
239127
239360
239151
239258
239279
9645
9620
441138
441734
708815
709069
58354
58370
372471
372266
372226
372457
371674
801088
869284
57322
57208
56650
57181